Frame timestamp[nanosec]
5042190789000
5042224084000
5042257378000
5042290673000
5042323968000
5042357263000
5042390557000
5042423852000
5042457147000
5042490442000
5042523736000
5042557031000
5042590326000
5042623620000
5042656915000
5042690210000
5042723505000
5042756799000
5042790094000
5042823389000
5042856684000
5042889978000
5042923273000
5042956568000
5042989862000
5043023157000
5043056452000
5043089747000
5043123041000
5043156336000
5043189631000
5043222926000
5043256220000
5043289515000
5043322810000
5043356104000
5043389399000
5043422694000
5043455989000
5043489283000
5043522578000
5043555873000
5043589168000
5043622462000
5043655757000
5043689052000
5043722346000
5043755641000
5043788936000
5043822231000
5043855525000
5043888820000
5043922115000
5043955409000
5043988704000
5044021999000
5044055294000
5044088588000
5044121883000
5044155178000
5044188473000
5044221767000
5044255062000
5044288357000
5044321652000
5044354946000
5044388241000
5044421536000
5044454830000
5044488125000
5044521420000
5044554715000
5044588009000
5044621304000
5044654599000
5044687893000
5044721188000
5044754483000
5044787778000
5044821072000
5044854367000
5044887662000
5044920957000
5044954251000
5044987546000
5045020841000
5045054135000
5045087430000
5045120725000
5045154020000
5045187314000
5045220609000
5045253904000
5045287199000
5045320493000
5045353788000
5045387083000
5045420377000
5045453672000
5045486967000
5045520262000
5045553556000
5045586851000
5045620146000
5045653441000
5045686735000
5045720030000
5045753325000
5045786619000
5045819914000
5045853209000
5045886504000
5045919798000
5045953093000
5045986388000
5046019683000
5046052977000
5046086272000
5046119567000
5046152861000
5046186156000
5046219451000
5046252746000
5046286040000
5046319335000
5046352630000
5046385925000
5046419219000
5046452514000
5046485809000
5046519103000
5046552398000
5046585693000
5046618988000
5046652282000
5046685577000
5046718872000
5046752167000
5046785461000
5046818756000
5046852051000
5046885345000
5046918640000
5046951935000
5046985230000
5047018524000
5047051819000
5047085114000
5047118409000
5047151703000
5047184998000
5047218293000
5047251587000
5047284882000
5047318177000
5047351472000
5047384766000
5047418061000
5047451356000
5047484651000
5047517945000
5047551240000
5047584535000
5047617829000
5047651124000
5047684419000
5047717714000
5047751008000
5047784303000
5047817598000
5047850893000
5047884187000
5047917482000
5047950777000
5047984071000
5048017366000
5048050661000
5048083956000
5048117250000
5048150545000
5048183840000
5048217134000
5048250429000
5048283724000
5048317019000
5048350313000
5048383608000
5048416903000
5048450198000
5048483492000
5048516787000
5048550082000
5048583377000
5048616671000
5048649966000
5048683261000
5048716555000
5048749850000
5048783145000
5048816440000
5048849734000
5048883029000
5048916324000
5048949618000
5048982913000
5049016208000
5049049503000
5049082797000
5049116092000
5049149387000
5049182682000
5049215976000
5049249271000
5049282566000
5049315860000
5049349155000
5049382450000
5049415745000
5049449039000
5049482334000
5049515629000
5049548924000
5049582218000
5049615513000
5049648808000
5049682102000
5049715397000
5049748692000
5049781987000
5049815281000
5049848576000
5049881871000
5049915166000
5049948460000
5049981755000
5050015050000
5050048344000
5050081639000
5050114934000
5050148229000
5050181523000
5050214818000
5050248113000
5050281408000
5050314702000
5050347997000
5050381292000
5050414586000
5050447881000
5050481176000
5050514471000
5050547765000
5050581060000
5050614355000
5050647650000
5050680944000
5050714239000
5050747534000
5050780828000
5050814123000
5050847418000
5050880713000
5050914007000
5050947302000
5050980597000
5051013892000
5051047186000
5051080481000
5051113776000
5051147070000
5051180365000
5051213660000
5051246955000
5051280249000
5051313544000
5051346839000
5051380134000
5051413428000
5051446723000
5051480018000
5051513312000
5051546607000
5051579902000
5051613197000
5051646491000
5051679786000
5051713081000
5051746376000
5051779670000
5051812965000
5051846260000
5051879554000
5051912849000
5051946144000
5051979439000
5052012733000
5052046028000
5052079323000
5052112618000
5052145912000
5052179207000
5052212502000
5052245796000
5052279091000
5052312386000
5052345681000
5052378975000
5052412270000
5052445565000
5052478859000
5052512154000
5052545449000
5052578744000
5052612038000
5052645333000
5052678628000
5052711923000
5052745217000
5052778512000
5052811807000
5052845102000
5052878396000
5052911691000
5052944986000
5052978280000
5053011575000
5053044870000
5053078165000
5053111459000
5053144754000
5053178049000
5053211343000
5053244638000
5053277933000
5053311228000
5053344522000
5053377817000
5053411112000
5053444407000
5053477701000
5053510996000
5053544291000
5053577585000
5053610880000
5053644175000
5053677470000
5053710764000
5053744059000
5053777354000
5053810649000
5053843943000
5053877238000
5053910533000
5053943827000
5053977122000
5054010417000
5054043712000
5054077006000
5054110301000
5054143596000
5054176891000
5054210185000
5054243480000
5054276775000
5054310069000
5054343364000
5054376659000
5054409954000
5054443248000
5054476543000
5054509838000
5054543133000
5054576427000
5054609722000
5054643017000
5054676311000
5054709606000
5054742901000
5054776196000
5054809490000
5054842785000
5054876080000
5054909375000
5054942669000
5054975964000
5055009259000
5055042553000
5055075848000
5055109143000
5055142438000
5055175732000
5055209027000
5055242322000
5055275617000
5055308911000
5055342206000
5055375501000
5055408795000
5055442090000
5055475385000
5055508680000
5055541974000
5055575269000
5055608564000
5055641859000
5055675153000
5055708448000
5055741743000
5055775037000
5055808332000
5055841627000
5055874922000
5055908216000
5055941511000
5055974806000
5056008101000
5056041395000
5056074690000
5056107985000
5056141279000
5056174574000
5056207869000
5056241164000
5056274458000
5056307753000
5056341048000
5056374343000
5056407637000
5056440932000
5056474227000
5056507521000
5056540816000
5056574111000
5056607406000
5056640700000
5056673995000
5056707290000
5056740584000
5056773879000
5056807174000
5056840469000
5056873763000
5056907058000
5056940353000
5056973648000
5057006942000
5057040237000
5057073532000
5057106827000
5057140121000
5057173416000
5057206711000
5057240005000
5057273300000
5057306595000
5057339890000
5057373184000
5057406479000
5057439774000
5057473068000
5057506363000
5057539658000
5057572953000
5057606247000
5057639542000
5057672837000
5057706132000
5057739426000
5057772721000
5057806016000
5057839310000
5057872605000
5057905900000
5057939195000
5057972489000
5058005784000
5058039079000
5058072374000
5058105668000
5058138963000
5058172258000
5058205552000
5058238847000
5058272142000
5058305437000
5058338731000
5058372026000
5058405321000
5058438616000
5058471910000
5058505205000
5058538500000
5058571794000
5058605089000
5058638384000
5058671679000
5058704973000
5058738268000
5058771563000
5058804858000
5058838152000
5058871447000
5058904742000
5058938036000
5058971331000
5059004626000
5059037921000
5059071215000
5059104510000
5059137805000
5059171100000
5059204394000
5059237689000
5059270984000
5059304278000
5059337573000
5059370868000
5059404163000
5059437457000
5059470752000
5059504047000
5059537342000
5059570636000
5059603931000
5059637226000
5059670520000
5059703815000
5059737110000
5059770405000
5059803699000
5059836994000
5059870289000
5059903584000
5059936878000
5059970173000
5060003468000
5060036762000
5060070057000
5060103352000
5060136647000
5060169941000
5060203236000
5060236531000
5060269826000
5060303120000
5060336415000
5060369710000
5060403004000
5060436299000
5060469594000
5060502889000
5060536183000
5060569478000
5060602773000
5060636068000
5060669362000
5060702657000
5060735952000
5060769246000
5060802541000
5060835836000
5060869131000
5060902425000
5060935720000
5060969015000
5061002309000
5061035604000
5061068899000
5061102194000
5061135488000
5061168783000
5061202078000
5061235373000
5061268667000
5061301962000
5061335257000
5061368552000
5061401846000
5061435141000
5061468436000
5061501730000
5061535025000
5061568320000
5061601615000
5061634909000
5061668204000
5061701499000
5061734793000
5061768088000
5061801383000
5061834678000
5061867972000
5061901267000
5061934562000
5061967857000
5062001151000
5062034446000
5062067741000
5062101035000
5062134330000
5062167625000
5062200920000
5062234214000
5062267509000
5062300804000
5062334099000
5062367393000
5062400688000
5062433983000
5062467277000
5062500572000
5062533867000
5062567162000
5062600456000
5062633751000
5062667046000
5062700341000
5062733635000
5062766930000
5062800225000
5062833519000
5062866814000
5062900109000
5062933404000
5062966698000
5062999993000
5063033288000
5063066583000
5063099877000
5063133172000
5063166467000
5063199761000
5063233056000
5063266351000
5063299646000
5063332940000
5063366235000
5063399530000
5063432825000
5063466119000
5063499414000
5063532709000
5063566003000
5063599298000
5063632593000
5063665888000
5063699182000
5063732477000
5063765772000
5063799067000
5063832361000
5063865656000
5063898951000
5063932245000
5063965540000
5063998835000
5064032130000
5064065424000
5064098719000
5064132014000
5064165309000
5064198603000
5064231898000
5064265193000
5064298487000
5064331782000
5064365077000
5064398372000
5064431666000
5064464961000
5064498256000
5064531551000
5064564845000
5064598140000
5064631435000
5064664729000
5064698024000
5064731319000
5064764614000
5064797908000
5064831203000
5064864498000
5064897793000
5064931087000
5064964382000
5064997677000
5065030971000
5065064266000
5065097561000
5065130856000
5065164150000
5065197445000
5065230740000
5065264034000
5065297329000
5065330624000
5065363919000
5065397213000
5065430508000
5065463803000
5065497098000
5065530392000
5065563687000
5065596982000
5065630277000
5065663571000
5065696866000
5065730161000
5065763455000
5065796750000
5065830045000
5065863340000
5065896634000
5065929929000
5065963224000
5065996518000
5066029813000
5066063108000
5066096403000
5066129697000
5066162992000
5066196287000
5066229582000
5066262876000
5066296171000
5066329466000
5066362760000
5066396055000
5066429350000
5066462645000
5066495939000
5066529234000
5066562529000
5066595824000
5066629118000
5066662413000
5066695708000
5066729002000
5066762297000
5066795592000
5066828887000
5066862181000
5066895476000
5066928771000
5066962066000
5066995360000
5067028655000
5067061950000
5067095244000
5067128539000
5067161834000
5067195129000
5067228423000
5067261718000
5067295013000
5067328308000
5067361602000
5067394897000
5067428192000
5067461486000
5067494781000
5067528076000
5067561371000
5067594665000
5067627960000
5067661255000
5067694550000
5067727844000
5067761139000
5067794434000
5067827728000
5067861023000
5067894318000
5067927613000
5067960907000
5067994202000
5068027497000
5068060792000
5068094086000
5068127381000
5068160676000
5068193970000
5068227265000
5068260560000
5068293855000
5068327149000
5068360444000
5068393739000
5068427034000
5068460328000
5068493623000
5068526918000
5068560212000
5068593507000
5068626802000
5068660097000
5068693391000
5068726686000
5068759981000
5068793276000
5068826570000
5068859865000
5068893160000
5068926454000
5068959749000
5068993044000
5069026339000
5069059633000
5069092928000
5069126223000
5069159518000
5069192812000
5069226107000
5069259402000
5069292696000
5069325991000
5069359286000
5069392581000
5069425875000
5069459170000
5069492465000
5069525759000
5069559054000
5069592349000
5069625644000
5069658938000
5069692233000
5069725528000
5069758823000
5069792117000
5069825412000
5069858707000
5069892002000
5069925296000
5069958591000
5069991886000
5070025180000
5070058475000
5070091770000
5070125065000
5070158359000
5070191654000
5070224949000
5070258243000
5070291538000
5070324833000
5070358128000
5070391422000
5070424717000
5070458012000
5070491307000
5070524601000
5070557896000
5070591191000
5070624485000
5070657780000
5070691075000
5070724370000
5070757664000
5070790959000
5070824254000
5070857549000
5070890843000
5070924138000
5070957433000
5070990727000
5071024022000
5071057317000
5071090612000
5071123906000
5071157201000
5071190496000
5071223791000
5071257085000
5071290380000
5071323675000
5071356969000
5071390264000
5071423559000
5071456854000
5071490148000
5071523443000
5071556738000
5071590033000
5071623327000
5071656622000
5071689917000
5071723211000
5071756506000
5071789801000
5071823096000
5071856390000
5071889685000
5071922980000
5071956275000
5071989569000
5072022864000
5072056159000
5072089453000
5072122748000
5072156043000
5072189338000
5072222632000
5072255927000
5072289222000
5072322517000
5072355811000
5072389106000
5072422401000
5072455695000
5072488990000
5072522285000
5072555580000
5072588874000
5072622169000
5072655464000
5072688759000
5072722053000
5072755348000
5072788643000
5072821937000
5072855232000
5072888527000
5072921822000
5072955116000
5072988411000
5073021706000
5073055001000
5073088295000
5073121590000
5073154885000
5073188179000
5073221474000
5073254769000
5073288064000
5073321358000
5073354653000
5073387948000
5073421243000
5073454537000
5073487832000
5073521127000
5073554421000
5073587716000
5073621011000
5073654306000
5073687600000
5073720895000
5073754190000
5073787484000
5073820779000
5073854074000
5073887369000
5073920663000
5073953958000
5073987253000
5074020548000
5074053842000
5074087137000
5074120432000
5074153727000
5074187021000
5074220316000
5074253611000
5074286905000
5074320200000
5074353495000
5074386790000
5074420084000
5074453379000
5074486674000
5074519968000
5074553263000
5074586558000
5074619853000
5074653147000
5074686442000
5074719737000
5074753032000
5074786326000
5074819621000
5074852916000
5074886210000
5074919505000
5074952800000
5074986095000
5075019389000
5075052684000
5075085979000
5075119274000
5075152568000
5075185863000
5075219158000
5075252452000
5075285747000
5075319042000
5075352337000
5075385631000
5075418926000
5075452221000
5075485516000
